P_CBPID
677414039
677414025
677414174
677413968
677413603
677414525
677413680
677413248
677413151
677414627
677413696
677414312
677413755
677413291
677413094
677414605
677413385
677413943
677413055
677413481
677414274
677414023
677413191
677413149
677413218
677413445
677413424
677413427
677414346
677413767
677413688
677413681
677414647
677414286
677413242
677414186
677413054
677414624
677413540
677413707
677413715
677414167
677413757
677414305
677413554
677413474
677414512
677414446
677413208
677413538
677413150
677413355
677413756
677413758
677414101
677413176
677413093
677413096
677413650
677413868
677413315
677414141
677413002
677413003
677414327
677413633
677413125
677414775
677413303
677413963
677413085
677413595
677413473
677413676
677413514
677413387
677413843
677414270
677414003
677414130
677413641
677413232
677413495
677413369
677413520
677413341
677414436
677413485
677414265
677413335
677414024
677413643
677413723
677413883
677413959
677413592
677414487
677413317
677414068
677412951